265
782
285
268
578
238
854
767
894
544
530
107
619
225
973
12
662
347
718
376
5
872
577
623
860
762
796
559
417
648
128
562
664
481
-8
394
-184
546
226
609
651
520
610
930
691
753
792
179
-64
597
976
619
691
146
914
381
528
730
877
719
734
118
670
571
198
134
825
881
137
600
410
5
620
152
922
612
668
832
878
821
176
488
324
19
824
644
972
428
704
71
24
781
788
317
403
646
487
346
495
463
-445
985
719
194
535
871
66
754
619
7
372
971
923
509
445
998
157
767
71
96
275
671
436
951
739
992
156
331
259
474
123
650
233
976
-946
410
558
249
-767
-23
690
379
-75
129
138
581
334
533
207
439
229
524
694
382
336
96
143
135
510
144
216
737
240
710
37
-494
145
-85
729
110
209
490
665
843
281
-543
481
192
72
600
148
654
553
57
259
61
915
441
499
389
683
41
602
408
331
405
321
763
154
141